1.7437359673071986
0.6223240534286181
0.8217309947430128
0.055668258777540176
1.0499314076424733
1.6494471655672267
1.997393820205697
0.3062925465998958
0.3712503430048518
0.3082435265954893
2.1921763399264487
1.0596975885101179
0.19247680373544257
0.9571053250287975
1.0147963616847495
3.9040601005997364
0.6778174738327049
1.3095931543258141
0.3655813335424644
1.8091380681495333
0.15733599182273275
0.3269829654803873
1.2241746110563283
0.19360914831415807
1.3547003691154673
0.06329029325374391
0.26312561979521326
0.11633662706656023
0.9127077672453104
0.6144737498680944
0.36615910558640535
0.236558362795248
0.9075297596891383
0.11196936363831113
0.31947933913178395
0.7320085112315514
0.19974760302304936
0.8046024789576847
2.520122091613141
0.7036191489508143
0.20996614861446605
0.4072448519656349
0.3895314988338892
0.687087203923915
1.9812461912706205
0.8509230266537805
0.8287115674048826
0.9258686963703509
1.2416395648566794
1.9459301122078856
3.5202994087726354
0.34769991231887704
0.9618668051119494
0.8874212702523917
0.5312034836611758
0.5474250075065167
1.673164573476036
0.5253137685608841
0.5452645088144232
0.5734871018303788
0.28064377406775454
1.5762992907388167
0.7464728350497242
0.19602962116057
2.3182298748063106
2.632388585837227
0.24443352974368254
0.041834414118009644
0.03514039950588442
0.9407710814657655
5.538929151963062
0.5880532524499202
1.8312818275152716
0.8626474279888232
0.23759974608012693
0.5152228264221238
0.019747209991300356
0.6632218356505512
1.7392812127821617
3.448547850158026
3.230271111633147
0.12603823020840974
0.14647004452231713
1.6180207287637483
0.16835677176699257
1.5399327326802845
4.318193636605757
0.2649793351035661
0.03178295302470373
0.3982692091275577
1.5727980404626314
0.22103157273591378
0.4306595920209878
1.5329640085700644
1.1843841536952444
1.6033198189878868
0.7969343547483508
0.911330196073425
0.3488558956264014
0.980343622897221