1.015901524184496
0.6346622823454261
0.14082979360980905
0.4868876456609519
0.569741390214392
0.9736402438150533
0.302916716483587
3.222693378709226
0.36725478547863977
1.0201443894809057
1.67987094955961
0.20734394773947457
0.5272613613892242
0.5578619990641616
0.3108390713703164
0.12016654909816106
0.05716805245265691
0.013909838686809985
0.26112599038734124
0.19088001978765637
0.09864413062930777
0.6688037261285222
0.650101105277765
2.939518626127462
2.797050521552992
1.306980420034179
0.08900268513961121
1.8951055624773887
1.4947617715758883
0.5136870355845373
2.9543087675330764
0.19056332227491662
0.2926217672895272
0.3725713457386195
0.5890440405453713
1.6110028439999602
0.3989405251324384
1.4794780727872745
0.02287827555891466
1.4996332926640774
0.5597195099733774
1.4057092697759308
0.46617094868778064
0.3642478067483393
2.252850788402704
0.2475844515159153
0.9406588178067243
0.19555249104875197
0.6541197240991172
1.0383594133746334
0.41253903281015614
0.6135435517116128
0.39667560336498936
3.4923977454517314
0.32494715341775704
1.7081284923330602
0.8157461190686326
0.5766356333263499
0.2682287562449889
1.2708986365511121
1.6680861003901415
0.31065748091247314
1.0621829309340949
2.221356814461636
0.2809769589731813
1.5739082112368643
0.46852041423888247
1.1238527729812373
0.22728756064653585
0.1391040837907943
6.518287532521703
1.4522277367426872
0.14071387148045822
0.11074194141203378
0.9181104900537354
1.9811977337613633
0.8897588456528598
2.325565657479514
0.28612316767938906
0.10126094913035218
0.4107865965927269
0.2985547510179952
0.2283162653688252
0.8663956129726411
0.9070671861699323
1.8373816063524995
3.731045300206723
1.1677094856975605
1.045683719184765
1.5645100175323527
1.1573243282268801
1.1233489296588985
0.8187924377055564
3.123793033143424
0.1977206715484916
0.045300534809475865
1.2218020728100325
2.4985851764820386
1.1768348801831725
0.2486144265726337