0.17888303384031248
0.6298518205178945
2.6004433850195037
0.8465500036975907
0.11624169380569259
0.8059640915652792
1.8948464053894725
2.309165668030489
0.061088153392709434
0.20212951247887168
0.3106489763689449
0.05704660026372754
2.601073615557589
0.6370682063758454
0.712796504899139
3.483423009132462
0.7015973765371281
2.01686272285693
0.08213153871277559
0.4362696332784861
1.340745760000917
2.758562230116599
0.19190532199826255
4.033268848756029
1.5529238876449702
0.9190481886658777
0.17156381659602102
0.2115832877859837
0.3071176809092641
0.41407083169054903
1.0273135097705581
0.6244587800717307
0.6570958556359092
1.7704740318734462
0.9486347369411168
1.3370023126627568
0.4110563751281274
0.5021581218650082
1.836399493014591
0.06161761466429928
0.36627986599617207
0.20644763662104929
2.690258222785243
2.0136382774264
5.362820720555598
1.7090256682042844
0.5457553007564998
1.4789479533436396
1.4614989453681773
0.477403973943126
0.0465829030809329
0.42025516701903326
0.1498149523209665
0.7380263718289117
0.9691655288022346
0.1868772146343871
0.29645548498602226
1.2369934649740042
0.2070344983177737
0.31698511543191443
0.41048367886957515
0.5079410803931363
1.717224650626812
0.07846219239612359
0.955391401399078
0.09002841711546984
1.0653998081394527
0.24797555547407427
1.417876650117283
0.025168931445345447
2.5390835287010454
0.7749995117847052
2.0133672424830444
0.8416197982526105
0.011292058538085509
0.12747126219224977
0.9289554092212203
1.3276889775999943
0.01876499458317662
2.262627116512507
0.670604241914602
2.1274709922742674
0.6849160140333965
1.2008792616024113
0.01652229691362042
0.9009850694515394
2.294674952376192
1.0328221797751107
1.2868302851181916
0.026620931581103357
0.25600358563936665
1.0123708975839163
0.39758647396158675
2.6075693108095535
0.026788667950682615
0.7546955109190282
1.4474606236881362
1.5979560156450086
0.8778619947115618
0.7762085242964643