0.6706858636482985
0.14018649021526525
1.3527966327641554
0.016917575033432147
1.5530885391241156
2.302499052341385
2.4988420007006993
0.5011026363609107
0.2022212637554706
0.08568069685458571
1.938245403992882
1.9042064931285574
0.8204601838789538
3.597280711636329
0.6653121660438822
0.2531723217041968
0.2815934564904961
0.9847087626461436
0.7152870943095131
0.03702215623977207
1.309197306979736
0.6959921533678411
0.9621261376048531
0.3215853193756434
0.29329207769525695
0.3680719537010976
1.0219205713587558
2.968891412602458
0.3727417661471637
0.1294637205490158
1.3440932679256372
0.12510033310854735
0.5343027896868494
1.5282494353626255
0.1770724602016125
0.027663397327197303
0.2528172649998798
0.09024148036071525
0.43561965425257515
0.13219445331951807
1.091862981140756
0.9904148865430766
0.04476743157391428
5.113801922749425
0.1545392363866911
0.2351371848618684
0.16673203787301724
1.2375861700644233
1.5573300210827736
0.08562751896188231
2.5074575784220814
2.818885189740232
0.6488422973329507
0.06347246080264081
1.6154556308671506
1.7588881095677675
0.650224136434219
0.636133127330417
0.217151565519793
1.333460163174945
1.843079797430619
2.408475512766045
0.32370928160838774
5.016359426003138
0.9227250006564838
0.6815878632498766
2.302781742577226
1.0788607156795609
0.4568606419129994
0.4912547985812729
0.09413702190114946
0.24834993313158377
0.208133778806964
2.6203273968744036
2.3873965432123034
1.0770054101267015
1.473538589185038
0.08198081723258557
0.5375051043129415
1.3155668876310604
0.17695186947138428
0.2486004501388224
0.944553155657524
2.554556634956499
1.4175594499382815
0.0647021795264789
0.03711427992236188
2.4676111594606516
1.6319583358985776
0.1434706693279075
0.30853721195375744
1.5895464576653688
2.0632933736971126
1.0844689456679062
0.8457017287367662
1.2009565059700533
0.08246305517914836
0.4335365559996939
0.13367768059197896
0.4613879301333868