0.43927359093887924
0.5337107519952528
1.7645070895482857
0.5817803455927821
3.206208753938178
0.11247648543917321
0.1269690893059109
0.42823767206172914
1.3497568050940485
0.9463600789304268
0.8302491519140208
0.2850648619832994
1.093395953573212
1.303771050564707
0.07512286372232647
2.7277948646422687
3.107062152078922
0.3744190676345325
3.5549012363152865
1.1053078034687651
1.7712609608326193
0.14951367915196806
0.06665736210528228
0.5946963088239551
0.3846959380248924
0.13727440926299322
0.33703793715242797
0.5301718512302568
1.7069716352858126
2.092751101825245
0.6919467233204891
1.260649189060317
2.197239986842899
0.08474788336543915
1.602566712833264
0.5683724930553714
0.4781989109842774
0.16397323911686906
0.5094970529167437
0.5774495721093015
0.460834429777839
0.20476370243513528
0.20550617089953108
1.3128437230275949
1.3749193721537596
0.630711046134304
0.15985613940033416
0.7532915999841628
2.004846963091482
0.29405380959456057
0.1306107211756087
0.23925366146202448
1.0893639159888755
0.6868666296439766
2.014794383781463
0.3036536995141352
2.030071588450879
0.6016850370993821
1.1987556273221793
0.22235435013532065
1.99067052516431
0.08594535247126142
0.8734373464076585
1.0784577618554159
1.901879105874846
0.8150516042995657
0.25475577474172506
0.39596363388261113
0.8603359943077568
1.2021642070791454
0.40162083315497055
3.3864259747830623
1.1285300901243946
0.18230102308143192
0.4344883870596652
0.3277689560414723
1.7496246205385264
0.4425078776625577
0.8153785945416084
0.3662461700922965
0.1246019158896809
0.9697391502346895
3.37180682980662
0.5444730609202885
2.0022766112937367
0.45648494301837644
3.4635954784284393
0.9999192558116201
0.2682530590979336
1.3790199953488147
0.9992318813668607
0.21369388012205448
1.3093254484804708
1.2013544833460323
0.6583579133591435
0.8267055994108566
1.9285193446476536
3.6834410464790404
0.6309688915595923
0.503598191098863