1.929334703357451
0.020418890813041875
0.9769093888248596
0.5023670538698338
1.2609866537841918
1.0176545715886653
1.5898892970070992
0.2098588343130257
0.003970632184470715
3.4405697388184184
1.9545431841503327
0.21760820726842456
0.29963066550894163
0.76757106766988
1.041666304768037
0.08149926874600158
1.5384849307998905
0.7561676636455917
1.5196379864390521
0.7520093317943374
6.416012438476929
0.17688963901849689
0.24136269803278085
1.3052901476040202
0.2152360499651411
0.704867803625933
0.6922451478868068
1.1040652641832496
0.4230765581629657
1.808844637047394
2.0634533753317608
0.6312245072852406
0.22614230129623653
1.3601760865846804
0.6399411439079462
0.7871126968107465
0.6573052612997435
0.13060625552454946
0.2958685263232963
1.036253956512404
0.005976322850655944
0.15799448656824355
1.5643649202231305
1.0069412044820771
0.38827844431637687
0.20237267475539522
0.9450672700559749
3.4402768992554233
1.7264487260159773
0.8077059464377532
1.9065316324427313
0.07646410372134968
0.04802686357189614
0.4367853392441814
1.2797655589691552
0.7107483909772467
1.7212989639738139
0.38343782749351063
4.86810020388487
1.3380107846624596
0.659040283930791
0.14389810819619558
1.8138621699169644
2.2826450553803586
0.37393444060938097
0.3015167907082512
1.8754048509237713
0.09027272526990829
0.2179827017853906
0.24958572794807513
0.14135402937302752
0.4680805264163561
0.1313485604142524
0.7321861970452178
1.0727732948059574
1.403872606592068
0.6329769259315926
0.9093738058987597
0.35302675797594285
2.1164165237724086
0.7104845281344627
1.0861112401529056
2.444571718411992
0.012476800720060752
0.9381670129846668
0.18903741242950323
1.2005183800283596
0.32097169550580684
0.5543987774298085
1.6724404885063722
0.35643368752044957
3.720100595375985
1.9288496931837085
0.061680954478100285
0.2662168141797708
0.5806264829634414
0.9310594051181013
0.17663603902454292
1.65174637940606
1.4165703774171583