1.6914076318889966
1.4338643911483888
0.11261593794639195
2.139265768220613
0.2508369415436819
0.20234148256864673
0.799218154864177
0.5496776099014143
0.0847194934532564
0.10039775225444332
2.6498297965160256
0.9289373772161047
0.04133709098030251
1.4734857518981073
2.6867577296950196
2.1892997708259467
0.23611091516029925
0.4382494952186525
0.9581757979200692
0.4432440565130489
2.204588263288601
0.5494638924329869
1.508032804873453
0.17455291566726017
0.6322311426836388
0.8113911616616756
0.29484217810097174
1.5227198750112956
0.5983886139285658
0.8138761963579811
0.76878736605797
0.07611480887933697
0.5391131377358965
1.1277071383419812
0.2091152282460183
2.828479487519262
0.3548073420289423
0.9837131310036749
0.8725327499656805
0.0061458381033502865
1.75011162839632
0.48170686442716604
0.8569065082013353
2.0522629963476477
1.0696145564351374
0.19040973119350943
0.1750583091421496
1.065473389377256
1.6100408990103534
1.55322620451758
0.5056811431335382
0.28290792836838907
1.1184457092942268
4.189722360992832
1.4144270997036263
0.9366966546809895
0.8591311741044861
0.849871586587036
3.0044266076029054
0.23563013730114932
0.2848639500707471
1.0944141515048684
1.714981675486646
2.2611045980977815
0.013254164035210046
0.9030260265448297
0.6872989978614317
0.6209694663009839
1.710785840747802
0.9735868789839625
0.8863699040235257
3.3533683285540663
0.12019785436197863
1.2712325959518025
0.8206928529643791
0.307798870627116
0.9009569016815183
2.733668664842825
1.476713240321011
0.8264194491314192
1.0308267273577043
0.03802794363373763
1.5656858868119534
0.3203438387945489
0.46440804548261194
0.4389681610042256
2.506508571542851
0.13608079300063633
0.2251066814778966
0.15374837300987065
0.0990431961535888
0.3110924886728734
1.0991125861798665
0.12412524243340546
0.7324197724507239
0.5555446799522616
0.15398760329850103
0.5750531474419251
5.429762747587997
0.5903213951791771