0.8664425604415731
0.5119108567258991
0.8442885668535398
1.0167148049033956
0.03798439938330742
0.1819565235325854
2.098653585696825
2.522263189057185
1.3102319168356453
0.44622093313640926
1.900621955949913
0.2075446666947304
0.31415643550622724
0.9493651712273262
3.5602674127152545
4.299764058173175
0.267300961383251
1.10176673323068
2.8204439841708275
0.10651185698593306
1.4259025061482749
0.6123376230475327
0.522936211979824
0.3742286898484775
0.7489801983287361
3.065002177212054
0.12821251838653241
0.5433937464242999
2.211039618951109
1.1856253540909418
1.0197888342164665
0.34686354541861836
0.980236997766421
0.21906227563997036
0.3467436086316201
1.4148129780123266
0.4706556498434122
4.304039936478973
0.04255735259613303
0.49717503874482716
0.32698155467558865
4.469620903905695
1.9755838360413895
0.47890776012269426
0.5644455143606494
0.36699384050975253
0.010768584837964341
0.4611035049571064
1.0288259646088018
0.3944660809292594
1.5189510520807725
0.9838535102559562
0.6461957460323347
0.8808389901019648
0.40578318946133884
0.5497856852192988
1.250029725617687
0.18457405046600284
0.5657227183078737
0.48880234444927584
0.7871623660468837
1.9189253027637587
0.050608536274992254
0.08595882549315387
0.46420428585027046
1.474995901704537
2.6341473917648304
0.21793769228153612
1.9569130118429379
0.5683805390276153
0.2661468956136104
1.236842400507319
0.7121588309539356
1.952696606783438
0.13068090036394453
0.9191852185853787
0.4985995130106564
0.32113693347182815
0.8406953415006592
2.208886933347586
0.07701006679035488
0.4735975354547321
1.0669971412680963
0.5766860319111288
0.7603749109871735
1.0703885567948501
0.745582194304291
0.3855273411781009
1.5765287532044214
3.0139842161127564
2.3016720070313754
0.03571162307727357
0.6903127664392247
0.011864788639977792
0.7287068446564053
1.6980010246568211
0.04858741995329437
0.7363457598846355
0.4425797017674519
0.9370378973870875