0.6013416691668277
0.8482713360537129
0.9467537247907628
0.1713904594426754
1.0828400642846538
1.5877496917485956
0.22519975372819362
1.8891082370384769
1.6972263442780218
0.34313534562906073
0.9256883834809561
1.8095770688050683
0.31729709495637015
2.556850990816894
0.4340837696697875
2.1001982225258917
2.2754871582311624
1.449795365579256
1.127852153583562
1.6804643912454085
0.688290340322538
1.3105732126490652
0.443214701989691
0.21805249138835292
0.023741148143761503
0.964579862445766
0.48965471451084724
1.466879413380835
0.6731113181711962
0.7557251498151943
2.7316356048656574
0.8306773459202723
0.4538443032645874
0.8041992510222121
0.11291746573364886
0.868648639357119
1.4545471112381259
1.2878967726179813
0.15540685917126046
1.0974091275480329
0.6126157793790556
0.8743886097241634
0.013115786879097882
1.1763057312614325
0.6937280214696788
1.096535944346633
1.0393396587547232
0.26195334794619785
1.1077222572216963
0.2160443530245691
4.917422231376397
0.6539577023736395
0.4043800444823811
0.023069156877045065
3.337427836973176
0.05658173019970825
0.011917287823259015
0.7752267921285323
0.2474317890886635
0.20155850851115692
1.064080312040869
0.18245917551914265
5.497337161140617
1.2115890472329602
0.867473015641361
0.16000271413984987
0.5152384109563759
0.6541380298259782
0.5601486405577468
0.2875167844136347
0.44987283726055044
1.6350752312175698
1.192257438317852
2.653161650826374
0.20827240527428997
0.07258494974124523
0.26328071212897797
1.2345463940595724
1.1543344537075755
1.6331279445965419
0.25637052184099757
2.095443588416936
3.167538821950655
0.6454455471185621
0.28685063424511376
0.1529846656687554
0.17830589549519296
0.050592553987580474
1.6576625802457678
5.433350065877615
1.173265225066748
1.6577724657160544
0.9636770059153463
0.012363480413519957
0.4284533867668532
0.47896302009560326
0.11490043236431584
0.2514476609202312
0.8736915970698079
0.0023849137725689955