0.7010520603129303
0.054609731862248816
1.8567567468317985
0.8664687904064515
0.15867130259113574
0.6372217794648878
0.6236071824246291
1.571699351561919
0.31932063129567656
0.8869360304901371
0.4204254574854506
0.3856058030567091
0.15596345510054416
4.6639011717376135
1.3397356218251786
1.040307165508132
0.04797119536188047
1.1804177486989995
1.3682111072188132
1.3158987159203566
0.08880762636296435
0.07773541372421959
0.19694039390326848
0.25038068350692316
0.775885872846589
0.14459656035111454
0.004739959136973498
1.1101637379964078
0.011143537562535161
0.7244479504296006
1.2079667558889589
0.5857885093475467
0.6452180584456771
0.4186009351017049
1.396237345913733
0.08802543574828504
2.5008168925993433
0.9541785832128002
0.18112475104242795
1.8085384754098872
0.9822490516392153
2.667565352328554
0.6814343420650747
0.46151305122151143
0.7524312193973686
0.11385124926684444
3.395729354472246
1.4641123097237136
0.5207139443402234
3.6587216999064185
1.5216098003915788
1.2254400216719488
1.513436050791198
1.989306279832586
0.7644086648364392
0.5955216069213431
2.7083594752534883
0.09874019967813462
0.9428106837395068
0.29444268874015245
0.416624099071234
0.5890067860641419
0.03438783962265607
0.7453864479874395
1.4308156261137193
2.012847659808413
0.8744740925783985
2.657645994790927
0.10095054126485395
5.846954162861221
0.5108175809281764
1.2300162126711245
0.6248855676151731
0.9822264444715446
1.9081406492588833
0.22493468645207337
1.3928169587058765
2.5698942486945797
0.2515083005139743
0.664158846068782
0.9171058800269765
0.6035060708058666
2.8899426579869525
0.45318529945317004
0.7005601955654136
0.9241694646527222
0.3602903828254086
0.24472604143091917
0.5623954249730958
1.8924012322355168
0.9813279524539703
0.8839601854219725
0.22281102864966867
0.38267083156796167
0.26158255136514313
0.6627927385943002
0.5750305069771572
0.7259755140077486
0.498442072784715
1.0701156487741104