0.609683243795698
0.0501062415574284
0.7760549867526592
0.6661297081403218
0.9064437701840082
0.23206352969052127
0.12878676415723614
3.53874035690748
0.1277488938184218
0.41038754149047196
3.048674408829157
1.074821250245934
1.3471748374988883
0.022469145429069866
1.9662782237952865
2.1844471500415454
1.5572925560312798
0.537802183542781
0.16399770434121366
0.14094695228287712
0.1641207386621611
1.9721024893265875
0.6133448357618669
0.02771778589391474
0.7354497418909884
1.3381884366751957
1.5199540124612083
0.7217464924534323
0.18330896723269596
1.0554777609207726
0.679272588810222
0.7399853840756369
0.4884126285706302
0.6491622961232498
0.8417446590331085
0.14847608438250676
0.10471453580376767
1.2389669178372478
1.0944321211242125
1.2488788260032813
0.3973469388559562
3.325141693589854
0.08617643604174996
0.6064375592946635
0.12149872337930816
0.19933460707947298
0.7829850702533083
1.8214249224129984
1.439091900860617
0.7485966614547283
0.28550139202918173
0.3800022740305919
2.540972853516042
0.00961647819284946
0.7868247638791643
0.3198171032378315
1.772530573528772
2.6083508523575696
0.3375015444837667
1.1301575036987657
0.7964788223297696
0.7791916989460668
0.20533692336050527
0.4149657044924164
0.23904990732044074
2.8387968819062874
0.09727330750240272
0.9758530143323354
0.18198486879829712
0.10161308887590176
0.5898525582262123
2.24558505853828
0.17308645525713698
0.327727497622062
0.5903541259930789
3.3787383312404
0.6042653604874486
2.0163401006085633
1.9472609165721582
0.2999816523243382
1.0560007972652956
1.6604510818716853
2.5171610156608226
0.8641203203189939
0.3711392920848577
0.7039973785396231
6.44561955404139
1.6092113134072592
1.342027099282339
0.5379523802641623
0.4306237965943152
1.0056540229654032
1.138661633501129
1.158176470166369
0.9033792535431948
0.1223947459545463
0.3384316146642574
0.5002799255585964
2.7792689154565573
0.9568965103729244