0.7345509929075752
0.1901107734531731
0.48347053962728254
0.9518989353996729
2.5504933502057248
0.8722648960711975
0.2766717300224901
0.5703314836634658
0.2756840354476374
0.40670176097800426
0.5734291922201495
4.150314152935265
0.2528763590163738
1.6127068023824016
0.632846021522166
1.126532398611495
0.8911140481002668
1.4569263709131504
0.8973807201210635
0.09986619885575108
0.6752686933807106
0.29282116131406444
0.18097467959171679
2.5605245057508843
0.1115578455700934
0.3086251964626399
0.08554634703343779
0.9082412670403779
5.179865555517299
2.607393290347776
1.539673458810211
0.7207735080401574
0.44048179461726167
4.013653818647678
2.3822863794427875
0.06019728811039645
2.2998513113832266
0.9490181757637575
1.5343862872292275
0.3251955765491184
0.2437569123350924
0.41448233813799534
2.436807712002089
1.0327938634153468
0.35546730381399605
0.19088755102038069
1.997110037556362
0.6732819683221296
1.160553986790268
1.1929623758916013
0.0024697544744450056
0.834063064623092
0.44063435802378154
2.2434869692292048
1.9379289630316516
2.748226046885063
0.675965667442879
0.009466009036184666
0.14985191491420205
0.0026799827009474594
0.47508900207325094
0.006075742029576936
0.9684828903881098
0.24435392963496777
2.2589016360603056
0.25115261742528594
1.3362925586204943
0.2630196518830838
0.5310723315587669
0.8469651932014747
0.12366082729279781
0.027163264884596507
1.8009830368853983
0.10232251095875582
1.405655692458043
0.4336678247274455
1.7357378875954135
2.02078840570184
2.6164611988164888
0.8872170506879569
4.4726230543873955
1.6683668844365118
1.1799661398828467
0.18810660120327302
0.9439315613015081
0.06347541506680505
0.9696644634720777
1.3051883601268586
0.7910992487719981
1.148686645787969
0.20608480255647713
0.37911949414829366
0.1796027445812625
0.08584453220124601
0.5706891938998975
0.54390811602918
0.30087203172167837
0.8825551831777738
0.49681477296129134
0.36295381869775617