1.48586901215359
0.3089172325072378
0.005806629755667238
0.09672561382425432
1.0999864539952564
0.026463801265228508
0.28093120475168765
1.3051338794721599
0.4989849284975256
1.0174716893716014
0.6806348461215387
1.5156385873222726
7.195714252368379
0.154373526716661
1.9595788214660885
0.36584603151821365
0.236838180357596
1.0292112584074569
0.7462151685083325
0.4292483986265156
1.7448826485833149
0.07630213029179866
0.03821333298006644
2.5593481019737307
0.6064671876392673
1.750661187383216
0.4715505971989686
0.23738199133566387
0.04210607314671376
0.6862842770075371
1.225349471162423
0.5744998535368014
0.9657265632549613
0.367946057673258
0.48053847272123074
1.3205271085920125
0.1487281230240386
0.8477666592479625
1.6696157364479052
1.1543519324685203
0.04669381663519833
0.8431047820731714
1.6032431079068488
0.3070099403338846
0.3752757939603295
0.24065867918529124
1.029103797080474
1.3301313997226565
0.40182959890783093
1.0838708382610334
0.1155750953569817
0.8295908837116792
0.9956958426529569
0.8121655257754884
0.3106648187787927
1.9368707983863742
0.20171560643982397
0.28263831175296267
1.8624656320374073
0.42636222624785874
0.3826203755784083
0.19758262936273469
0.9184252036107381
0.06143769694494926
1.761261747865832
0.5796089082256249
2.345543597664489
0.6081112264655418
1.1472973740965495
0.023534224055403185
0.40918539351115435
2.070136370137483
1.7276830948710142
4.492503233095226
0.03769254357514692
3.2107895008415053
0.639412861490436
0.031736849928663366
0.3085513863384025
2.0155374872386167
2.603757149011842
1.863241942571196
1.2078379123167007
0.1782688383846518
0.3723794739718161
0.2638364026870814
0.35468796518522466
2.696319766911035
0.6068532198195863
1.5227021370525182
2.7558683108174766
0.34602064357337314
1.3878219058893864
0.1839381857849251
3.549034128746359
2.1234558222559747
0.5515241353867291
1.6108917627265276
0.27795238617652707
0.13245268794943463