0.46379697218686355
0.21011746442941784
0.13380397249137194
0.13725394665823404
1.427389123423965
0.10321040876423965
2.794495841886455
0.3085780064658738
1.7731145241772241
0.5853133950979853
0.13757974894217387
0.8204380885988495
0.7524803085868157
1.0410502242096382
0.2432938733431163
0.477557578886035
0.6470356488238982
0.7878743578152855
0.6202717653184798
0.8263774753326644
0.37459787995055344
0.8439655498320877
0.8966925162139271
2.1459676800797167
0.351554256430658
0.09525787364125057
1.5865256057626664
0.19998993168122933
1.0129492791398382
0.5670922864344261
2.9498895352098327
0.31698531349941916
2.9245674110974904
0.3553059657176515
1.0208362741999712
0.1693117243858447
0.6789420616542117
0.02574450727521267
2.320986325275197
0.5077428306996171
3.723141769887725
0.19053693698426094
0.23931147952222517
3.6717667613770146
0.4410740439271507
2.266478370704665
0.16915218982779845
0.022535389097709906
0.9581585405766633
0.12627505828381105
1.858602269276624
2.4426721348097193
0.588704739930091
0.431839500885889
0.9694450557348938
0.44069233979525435
1.7161274743061592
0.8490269755008341
0.10702923837595274
1.8639893442236377
1.5477899073213575
0.24397178778458123
1.8180787212646619
0.712762520338968
0.18815513532881176
2.5363744379936253
1.4349062054645807
0.7029678555693524
4.35275349138734
0.7437943832352903
1.2868450736294856
0.27044120550395984
0.9700536595427611
1.5604739735648263
0.25978057569799096
0.9497553521138035
0.06449779402293083
0.06549217184841737
0.7975313276956004
0.22474455844781685
0.35614488889091345
0.3218541192948104
0.7897510430791979
1.1059923752573226
0.658522410198986
2.849262690262326
1.3263021145046379
0.43812024520776643
0.14706887313157366
5.564404304883502
1.6850900780801994
0.5037580801137332
0.5891523777509448
0.32747277378322737
4.065064647762302
0.29370021634074445
0.5986706691146739
0.49967671053172513
0.19556870534209728
0.24075539206567875