1.3609609011561128
2.8474377706769043
0.18568140935438163
1.2670687808985206
0.8008868343235162
0.45121746496431187
0.040419362511131283
0.526867972931303
1.591887979714643
0.519631785625281
0.32281048158291975
0.044559643340069
1.8508330025973654
3.385550725215332
0.5492695108894792
0.7616684951219043
0.12304887573660866
0.06379774585092282
1.2401921922365544
0.3388156979140731
0.8898726733750392
0.4829113591172114
0.9663927262282564
2.682392314316617
0.823846865873477
0.62922488611177
0.21605453349191933
0.7135597143081369
1.643886973732626
0.545667486928368
1.2678113855914104
0.38009654831143586
1.0326444676733308
1.039215431496813
1.0067582207836434
2.2583396875675605
1.8118547229835036
0.2615283589057375
1.1864581912372374
2.7417818377402767
1.8901737305486257
2.144430867379184
2.7142577170836244
0.03855672931735906
0.31736247700482245
1.0114392547597468
0.3095781460936295
0.10205709081974168
0.1103424779162706
0.8911604956835852
0.3154129407268034
0.8964110220866538
5.6743656083626215
0.1420221094035142
0.27408077026731426
0.46150182470016154
0.008581852883709745
0.3779585184924719
0.7759437316499921
1.5041701096365148
0.7694134709304148
0.6035206826620325
0.24160065279863635
0.00021240774883600253
0.9269466802671433
1.9374289215879477
0.579911605820946
0.8180873263586991
3.998380065902607
0.3587199622027961
0.7844239667037992
0.7506522540981085
0.6889421528023782
0.14634326475322562
0.48771371633037247
0.5414349311600998
1.9582354550728664
0.9138871688190416
0.35417407268982204
2.5372035327748077
0.30337698206091845
1.4925820047113916
1.5964834227064655
0.12300736173822156
0.19011118514040448
0.8050714459785211
2.311102059173256
2.136116772401384
2.010007942176333
1.3346274355524645
0.8855512820474605
0.5694797430815534
0.2761271766026699
0.09588858912337063
0.7911087346084197
0.880933826134802
0.9425403871776227
1.504616258652876
1.026969690152655
0.5143529160625108