0.47687823999864243
0.8560962053305344
0.26892052590259563
0.4386118983894957
1.2987016959707232
0.28990470989546546
0.07841824607272936
0.3542286755879193
0.3678570186055407
0.576002803255803
0.41371123613764843
2.2907933798735023
0.5485345458251221
5.576207080517081
0.7670009061067902
2.965965221783355
0.5851354121058593
1.0147698153701539
0.15062431506336735
0.24652975078558842
0.02017206201805303
0.7237123324160938
0.45876843468313205
0.3751725075756601
0.14456885907392156
0.7239663782372449
0.32120989214858325
0.0017354647076597647
0.02635281393668508
0.0797903873068128
2.293080861414627
0.5288898905957103
3.230830450517782
0.45366279988195596
0.02943842867878056
0.29452718266995953
2.2160277493478424
1.2112033407511016
1.0360569940303321
0.06385866622372723
0.8865830853248196
0.2383950493821141
0.9635338753241737
1.2000213854289343
1.3018952495896963
0.6042705093361977
1.8337280678755423
0.8754180645301893
0.3454783611924891
1.3212987822485736
0.5237025086028314
0.8919985873585526
0.6097948154419752
0.25216670162277294
0.27094677444829673
2.6669393492248847
0.6555123373962511
0.03697243556359334
1.1596396533045685
1.5159391961228372
1.136202514833775
0.7535270800473097
1.8518194543376882
2.08766367167059
1.8625803123694422
1.652892187201191
0.6729072971215488
0.5924516428934588
0.20767898456364914
0.24259591045292156
0.3826649719668701
0.08866388914534164
1.2347453871020428
0.4178901408826894
1.0768052450306214
0.6429478696961811
1.237399760634685
0.19011969025333111
2.572283956471778
3.1625647955190592
3.0463639876091544
0.11268937302998353
1.124448359671818
1.2291451304312
1.2063369927749286
0.012072910801329008
1.5469789516941113
0.06841696761080936
1.653396621813167
1.4914304924312567
1.0795744390215847
3.6310071211712236
1.082211603301437
0.5279956513471717
0.09846418561727291
3.8386548439554935
1.8380518302392168
0.37950341328227344
1.0608125880254433
0.9538878058640722