0.8616253151704251
0.20444201304385926
1.889389417840057
0.8394060662751115
0.33106107998923384
0.41424742650125623
0.775592283439434
1.9961430384207186
0.22930921796707363
1.3844001633680763
1.1378305855690178
0.19561282040092484
1.7749186666482157
2.0082890533177618
0.6278904058985537
1.5379707197736598
0.22654660041544408
1.1165067148505272
0.24331438451434406
0.36610676897231803
0.0933236086926773
0.25796243597438573
0.8532325573627262
1.1767745228419488
4.952085805784074
2.321903554663367
1.7723012478192375
0.4862052124223813
0.7449468178712705
1.4850980338739133
0.1713258786263714
1.5352502873967422
0.013387943811383071
0.9990903393308751
1.5456671490530824
2.1542355765545076
0.0883108710638308
1.9645399269573465
0.29207175891653814
0.5756883463013608
0.19589973352549991
0.10788383917089805
0.6268791297402833
0.5506433893614725
1.379096304906374
1.893083768179252
1.9767838305625205
0.2127097866569548
1.5313033631496713
0.5427150600525719
0.1272759724039248
0.19623092779736048
0.791490320741334
0.09509670144445198
1.6053842325401622
2.1573188676759303
2.0682710538280786
1.0459401294764115
1.0335547900499935
0.3860936666438514
1.4804564688836974
0.8739380786126423
3.1638420892600085
1.7637733806129228
0.10899651297293092
0.19693213911195304
0.08317032996546259
3.320285458508971
0.47078774986979643
1.2294501165678677
3.1043086166414815
0.5325275586856456
1.1758716372463955
0.755821714896707
1.530424630360633
1.3169969784145235
0.2901313837905845
0.49888767873993867
0.5943162412624721
0.3647840331615192
0.5417354497241347
1.8956102474894727
0.33588127174611887
0.14531178964997787
0.048270403279031815
0.0990403098520172
0.30928006237113953
2.511056899996237
1.1577247483298503
0.7569254076263827
0.2661882935295901
0.5800744656458847
2.4299764283813254
0.47909525622989735
1.6995177860101927
1.0028791239596406
0.27420455056368687
0.42667226942908015
1.2571781525346972
0.7600148004844196