1.0749584497583982
0.6319131552238715
0.20640845925593426
0.17149194053454436
0.715926360808121
0.47187641160381344
0.6148132767136543
2.663095480852078
1.0480297667020093
0.16316479635866385
1.1236143648798693
1.619295760697689
1.1759547998014732
1.3984070601168548
0.08446656648510519
2.6731853033760395
1.5566094146492406
0.4289667861698221
3.4125644188718955
0.3486513841421732
0.4954542448063793
2.3454730244482187
0.3190429709837878
1.5181127958707163
0.449166097237451
0.6603601848579854
1.0130500786340146
0.23437475625778556
2.4167383919778116
2.827248894237968
1.5385503323696068
0.14199283181153538
0.48509216284335105
0.5375141779465301
0.5577754391366787
0.6479389205221255
2.6223826121321467
1.5210552942476303
0.5143503789149588
1.3020824941837745
0.5916346658024035
0.07364977031643363
0.2168904620776663
1.0118881846440597
2.1962406669893966
0.13236822238338464
0.04366998971790936
2.009111113703599
2.322304306189476
0.0522035633588195
0.05109598907875216
2.6981049717383923
0.46114691023859433
0.03345258985818925
1.8243718470086365
0.08775976350499838
0.01447184388628709
2.1138477497341537
1.038685758497797
0.10177953746790648
0.25296810618416976
2.3244767590500435
1.0389398836524906
1.5541289269423695
0.8185886784738272
0.05432146318293125
0.0919770914520564
5.211445531063906
0.5471762628591129
0.3682230316236918
1.3038606158847432
0.5103269535635647
1.905995774127283
0.3943597212917949
0.9396583048386858
0.27596655522494096
1.61310079572114
0.946748945864497
1.3636425046179677
0.3446793270317417
4.296874264030895
1.1610080351046617
0.8972222302675333
0.16850213209234643
0.5014709683041723
0.0667486007871565
0.15392897362984015
0.2695269578565714
0.7078768967426848
2.344014107259352
0.48946474505139675
0.3323305576892827
0.5636086979289517
1.0781328529417469
0.9983828235015153
1.2288976695253901
0.5853290752386964
0.18813746706572773
1.1569812135937616
0.14514855211873906