0.06150208903176477
2.3531507111971344
0.6033835225452435
0.7224338032764762
1.4385620635757619
0.06239278803112714
0.36727739395139175
0.3254588342268785
0.6596239963030506
1.6871976888512417
1.6680827085801315
2.0673576114548946
1.0267575033772018
0.4334341433519527
0.08983551886522577
0.06178694183776761
0.25986503283848544
1.4057467719986745
0.5026309868922462
1.2694605826681549
1.5926389623947632
0.36434592211543954
1.6111510552130428
0.9934089062028185
0.5753217090775786
0.994374465511121
2.0696040872793353
1.0392225209266126
0.5285965901475366
0.9283678828010045
0.11084283526219949
0.6509230948413188
1.0590934963349443
3.186770267748739
0.2923638182912581
0.5328337145875313
1.7464851794588516
0.6178926224026026
0.2760729773489859
2.5295998084202895
0.593995472577692
1.2354268075833574
0.8736590193808987
1.4942917626340806
1.9811602980174623
1.2354401349633366
1.107663177311655
1.8798165235009687
0.5374257320967747
4.194423541344312
1.1054432723759369
0.17739905467127026
0.11876992727624165
0.4258935226384629
3.03761558301366
1.0286068731285374
0.014227920734564869
0.12944182760824907
0.0001324964647003429
0.4056251227873388
0.05885487455190139
2.7676334419514013
0.04522911083809428
0.14037151790045993
0.3618795371620585
0.0771176174476771
1.2901906899394295
0.27088217617371696
0.38299178242761445
1.5053779420550504
4.377018879702648
0.20003826967788385
0.20551883258380232
0.024377140629023072
1.8354797972188648
0.3455785537456566
2.468913889474703
1.1287502111900338
0.5827979770950844
2.4263082518104886
0.22769645649811115
0.7419869510584932
0.09138530679273672
1.009439104507524
0.15016492048296445
0.5259983214977799
0.2013392685551524
0.8405515928191436
0.15132916567884394
1.2610604475191893
0.26185150788131833
1.4024295550992238
0.6573615226165638
1.0704361051621467
0.9159623738737099
0.8358204833003621
3.9335966108767564
1.9861449831080145
2.080137408534708
0.8176887412313467