0.9020182553602806
1.8170183398422624
0.521809513190097
0.08513383528883953
0.1754346217871181
0.9452103134588257
2.869919014193934
0.35939358128709525
1.2656100698608934
0.5984804698980071
0.14331860011495806
0.719628811382784
1.1771008767551085
1.4210006853307433
2.305252344962715
0.3102788168061208
2.4391939473149318
0.37701327641344984
0.8103467553821964
0.020675229067394028
0.16107227227580206
0.6727538379489503
0.1498243704213734
2.3183562176526413
0.2684376219484803
0.14429209175838412
0.2431323610809688
0.5537474572183738
1.6228206315593032
0.8350891334406202
0.7212210322575582
1.4533690083125812
0.1253303814105204
1.9699225496096608
0.9587894779106787
0.16138535892938416
0.8364865677698001
0.10892101236162635
0.13036363261747813
1.8347726811139782
3.7737575188406964
0.5434680286795927
1.4875195543495405
0.9889410248706102
0.3372311812885267
1.638532806301414
0.3221633604733425
0.07802394402733129
0.13063965410363623
0.25156938061686085
1.5283591474727682
0.6768687210543343
0.21538594544853557
1.0523957765376244
1.2975754157940964
0.41375312171547074
0.20280889238174574
0.1103785064595282
0.6858527730255056
0.002967388534760928
0.5963527676799638
2.950991333724157
2.3432190634609458
0.3656204901260797
2.1056827649524426
5.630542063923953
2.298107517570167
0.10183568858982806
1.7097646835221834
4.214749206218393
2.714561873928541
2.3273398475341924
2.73868273024846
0.8130974176063158
3.466143830431573
1.1813502949271113
0.029555538263043378
0.037178333940983695
0.49947592831781185
1.1967218943534017
3.9103881704739383
0.06343294943557966
0.10354232909858567
0.43490337148145897
0.11575653263617437
0.8075542714000598
1.706873924780773
0.08877389453689805
0.44813127870342956
0.4119012233996707
0.5242004006612512
0.0005150698899283568
0.4334967800322798
0.18534548096201842
0.6236355095922324
1.6574325047051444
0.17055695143435354
0.12028433917775064
0.5510234732551565
0.04916107775191906